[gd_scene load_steps=8 format=3 uid="uid://evj67m3f7pbo"]

[ext_resource type="Script" path="res://Scripts/StateMachine/player_robot.gd" id="1_ui6sl"]
[ext_resource type="PackedScene" uid="uid://by3pyjr8x63kb" path="res://Scenes/Player/player_robot_state_machine.tscn" id="2_304l3"]
[ext_resource type="PackedScene" uid="uid://b62g8x5aeenms" path="res://Assets/robot/Robot.glb" id="3_lofgt"]

[sub_resource type="SphereShape3D" id="SphereShape3D_5qk8t"]

[sub_resource type="StandardMaterial3D" id="StandardMaterial3D_k0myy"]
resource_local_to_scene = true

[sub_resource type="SphereMesh" id="SphereMesh_qunvm"]
resource_local_to_scene = true
material = SubResource("StandardMaterial3D_k0myy")

[sub_resource type="SphereShape3D" id="SphereShape3D_oub35"]

[node name="PlayerRobot" type="CharacterBody3D"]
collision_mask = 7
script = ExtResource("1_ui6sl")
SPEED = 5.0
JUMP_VELOCITY = 4.0

[node name="CollisionShape3D" type="CollisionShape3D" parent="."]
shape = SubResource("SphereShape3D_5qk8t")

[node name="StateMachine" parent="." node_paths=PackedStringArray("player") instance=ExtResource("2_304l3")]
player = NodePath("..")

[node name="MeshInstance3D" type="MeshInstance3D" parent="."]
visible = false
mesh = SubResource("SphereMesh_qunvm")

[node name="Camera3D" type="Camera3D" parent="."]
transform = Transform3D(1, 0, 0, 0, 0.948412, 0.31704, 0, -0.31704, 0.948412, 0, 1.56849, 3.95809)

[node name="Robot" parent="." instance=ExtResource("3_lofgt")]
transform = Transform3D(0.205296, 0, 0, 0, 0.205296, 0, 0, 0, 0.205296, 0, 0, 0)

[node name="Skeleton3D" parent="Robot/RobotArmature" index="0"]
bones/3/position = Vector3(0.0052459, 1.41367, 0.30772)
bones/8/rotation = Quaternion(-0.0309211, -0.00285618, -0.00128305, 0.999517)
bones/42/rotation = Quaternion(0.985456, 0.0176268, -0.0842772, 0.146507)
bones/42/scale = Vector3(1, 1, 1.00002)
bones/43/rotation = Quaternion(0.277834, 1.30087e-07, -6.90013e-08, 0.960629)
bones/46/rotation = Quaternion(0.979465, -0.0258123, 0.1373, 0.145367)
bones/46/scale = Vector3(1, 1, 1.00002)
bones/47/rotation = Quaternion(0.277834, -3.25998e-07, 3.79e-08, 0.960629)

[node name="FootL_2" parent="Robot/RobotArmature/Skeleton3D" index="0"]
transform = Transform3D(1, -9.04493e-14, -8.55628e-14, 5.16219e-14, 1, 1.25413e-07, -2.37132e-14, -1.12943e-07, 1, 0.624058, 0.397664, 0.191114)
bone_idx = 2

[node name="Head_2" parent="Robot/RobotArmature/Skeleton3D" index="1"]
transform = Transform3D(0.998071, -0.0469698, -0.0405853, 0.0492516, 0.997148, 0.0571817, 0.0377837, -0.0590703, 0.997538, -0.0521873, 3.65283, -0.00113489)
bone_idx = 9

[node name="ArmL" parent="Robot/RobotArmature/Skeleton3D" index="2"]
transform = Transform3D(0.435432, 0.900219, 0.00201464, -0.869529, 0.421165, -0.25795, -0.23306, 0.110568, 0.966156, 0.265002, 2.88426, 0.130694)
bone_idx = 24

[node name="ShoulderL_2" parent="Robot/RobotArmature/Skeleton3D" index="3"]
transform = Transform3D(0.434578, 0.900634, -1.10357e-07, -0.900634, 0.434578, -1.51178e-07, -2.47145e-08, 1.41006e-07, 1, 0.582681, 2.40776, -0.0209942)
bone_idx = 25

[node name="ArmR" parent="Robot/RobotArmature/Skeleton3D" index="4"]
transform = Transform3D(0.101816, -0.202931, -6.38176e-08, 0.202145, 0.101422, 0.019957, -0.0178377, -0.00894974, 0.226162, -0.82569, 2.01782, 0.0402434)
bone_idx = 40

[node name="ShoulderR_2" parent="Robot/RobotArmature/Skeleton3D" index="5"]
transform = Transform3D(0.448449, -0.893808, -7.38107e-08, 0.893808, 0.448449, -5.59598e-08, 4.06638e-08, -6.70583e-08, 1, -0.636986, 2.40718, -0.0209942)
bone_idx = 41

[node name="LowerLegL_2" parent="Robot/RobotArmature/Skeleton3D" index="6"]
transform = Transform3D(0.984156, 0.00498637, 0.177236, 0.00848836, 0.997136, -0.0751781, -0.177102, 0.0755017, 0.9813, 0.684413, 0.371761, 0.214788)
bone_idx = 44

[node name="LegL" parent="Robot/RobotArmature/Skeleton3D" index="7"]
transform = Transform3D(0.984221, -0.0224697, 0.175514, 0.00756269, 0.996342, 0.085152, -0.176783, -0.082474, 0.980797, 0.643879, 1.18678, 0.0289862)
bone_idx = 45

[node name="LowerLegR_2" parent="Robot/RobotArmature/Skeleton3D" index="8"]
transform = Transform3D(0.962588, -0.00874356, -0.270823, -0.0120739, 0.997105, -0.075093, 0.270698, 0.0755652, 0.959683, -0.73049, 0.371831, 0.20658)
bone_idx = 48

[node name="LegR" parent="Robot/RobotArmature/Skeleton3D" index="9"]
transform = Transform3D(0.962471, 0.0443574, -0.267731, -0.0131903, 0.993034, 0.117109, 0.271063, -0.109179, 0.95634, -0.666633, 1.18412, 0.0182071)
bone_idx = 49

[node name="Torso_2" parent="Robot/RobotArmature/Skeleton3D" index="10"]
transform = Transform3D(1, 0, 0, 0, 1, 0, 0, 0, 1, -0.00271564, 2.20905, -0.0195812)
bone_idx = 50

[node name="FootR_2" parent="Robot/RobotArmature/Skeleton3D" index="11"]
transform = Transform3D(1, 1.50881e-13, 2.04162e-13, 2.33564e-13, 1, -6.80682e-08, 1.68309e-14, -8.63645e-09, 1, -0.637997, 0.397664, 0.191115)
bone_idx = 53

[node name="DetectionArea" type="Area3D" parent="."]
collision_layer = 4
collision_mask = 0

[node name="CollisionShape3D" type="CollisionShape3D" parent="DetectionArea"]
transform = Transform3D(4, 0, 0, 0, 4, 0, 0, 0, 4, 0, 0, 0)
shape = SubResource("SphereShape3D_oub35")

[editable path="Robot"]
