[gd_scene load_steps=8 format=3 uid="uid://evj67m3f7pbo"]

[ext_resource type="Script" path="res://Scripts/StateMachine/player_robot.gd" id="1_ui6sl"]
[ext_resource type="PackedScene" uid="uid://by3pyjr8x63kb" path="res://Scenes/Player/player_robot_state_machine.tscn" id="2_304l3"]
[ext_resource type="PackedScene" uid="uid://b62g8x5aeenms" path="res://Assets/robot/Robot.glb" id="3_lofgt"]

[sub_resource type="SphereShape3D" id="SphereShape3D_5qk8t"]

[sub_resource type="StandardMaterial3D" id="StandardMaterial3D_k0myy"]
resource_local_to_scene = true

[sub_resource type="SphereMesh" id="SphereMesh_qunvm"]
resource_local_to_scene = true
material = SubResource("StandardMaterial3D_k0myy")

[sub_resource type="SphereShape3D" id="SphereShape3D_oub35"]

[node name="PlayerRobot" type="CharacterBody3D"]
collision_mask = 7
script = ExtResource("1_ui6sl")
SPEED = 5.0
JUMP_VELOCITY = 4.0

[node name="CollisionShape3D" type="CollisionShape3D" parent="."]
shape = SubResource("SphereShape3D_5qk8t")

[node name="StateMachine" parent="." node_paths=PackedStringArray("player") instance=ExtResource("2_304l3")]
player = NodePath("..")

[node name="MeshInstance3D" type="MeshInstance3D" parent="."]
visible = false
mesh = SubResource("SphereMesh_qunvm")

[node name="Camera3D" type="Camera3D" parent="."]
transform = Transform3D(1, 0, 0, 0, 0.948412, 0.31704, 0, -0.31704, 0.948412, 0, 1.56849, 3.95809)

[node name="Robot" parent="." instance=ExtResource("3_lofgt")]
transform = Transform3D(0.205296, 0, 0, 0, 0.205296, 0, 0, 0, 0.205296, 0, -0.481311, 0)

[node name="Skeleton3D" parent="Robot/RobotArmature" index="0"]
bones/3/rotation = Quaternion(0, 1.19209e-07, 0, 1)
bones/8/rotation = Quaternion(-0.0309211, -0.00285618, -0.00128305, 0.999517)
bones/11/rotation = Quaternion(-0.0545858, -0.689886, 0.0692138, 0.718531)
bones/12/rotation = Quaternion(0.309992, 0.499338, -0.36494, 0.72207)
bones/27/rotation = Quaternion(0.0435723, 0.80457, 0.0574779, 0.589462)
bones/28/rotation = Quaternion(0.0897255, -0.705058, 0.255014, 0.6556)
bones/42/rotation = Quaternion(0.985518, 0.0175896, -0.0842843, 0.146085)
bones/42/scale = Vector3(1, 1, 1.00002)
bones/43/rotation = Quaternion(0.277154, 1.27869e-07, -7.01762e-08, 0.960826)
bones/46/rotation = Quaternion(0.979527, -0.0257523, 0.13731, 0.144948)
bones/46/scale = Vector3(1, 1, 1.00002)
bones/47/rotation = Quaternion(0.277154, -3.12318e-07, 4.08035e-08, 0.960826)

[node name="FootL_2" parent="Robot/RobotArmature/Skeleton3D" index="0"]
transform = Transform3D(1, -8.52651e-14, -8.57092e-14, 5.68434e-14, 1, 1.2666e-07, -2.35367e-14, -1.11759e-07, 1, 0.624058, 0.397664, 0.191114)
bone_idx = 2

[node name="Head_2" parent="Robot/RobotArmature/Skeleton3D" index="1"]
transform = Transform3D(0.998071, -0.0469698, -0.0405853, 0.0492516, 0.997148, 0.0571817, 0.0377837, -0.0590703, 0.997538, -0.0521873, 3.65313, -0.00113487)
bone_idx = 9

[node name="ArmL" parent="Robot/RobotArmature/Skeleton3D" index="2"]
transform = Transform3D(0.435432, 0.900219, 0.00201464, -0.869529, 0.421165, -0.25795, -0.23306, 0.110568, 0.966156, 0.265002, 2.88456, 0.130694)
bone_idx = 24

[node name="ShoulderL_2" parent="Robot/RobotArmature/Skeleton3D" index="3"]
transform = Transform3D(0.434578, 0.900634, -1.10357e-07, -0.900634, 0.434578, -1.49874e-07, -3.58294e-08, 1.43193e-07, 1, 0.582681, 2.40805, -0.0209942)
bone_idx = 25

[node name="ArmR" parent="Robot/RobotArmature/Skeleton3D" index="4"]
transform = Transform3D(0.101816, -0.202931, -4.84288e-08, 0.202145, 0.101422, 0.019957, -0.0178377, -0.00894972, 0.226162, -0.82569, 2.01812, 0.0402434)
bone_idx = 40

[node name="ShoulderR_2" parent="Robot/RobotArmature/Skeleton3D" index="5"]
transform = Transform3D(0.448449, -0.893808, -7.38107e-08, 0.893808, 0.448449, -5.36874e-08, 4.91088e-08, -6.47962e-08, 1, -0.636986, 2.40748, -0.0209942)
bone_idx = 41

[node name="LowerLegL_2" parent="Robot/RobotArmature/Skeleton3D" index="6"]
transform = Transform3D(0.984156, 0.00489245, 0.177237, 0.00848297, 0.997178, -0.0746209, -0.1771, 0.0749522, 0.981343, 0.684378, 0.371966, 0.214597)
bone_idx = 44

[node name="LegL" parent="Robot/RobotArmature/Skeleton3D" index="7"]
transform = Transform3D(0.98422, -0.022322, 0.175534, 0.0075654, 0.996414, 0.0842985, -0.176784, -0.0816334, 0.980867, 0.643833, 1.18699, 0.0287184)
bone_idx = 45

[node name="LowerLegR_2" parent="Robot/RobotArmature/Skeleton3D" index="8"]
transform = Transform3D(0.962588, -0.00859093, -0.270827, -0.0120751, 0.997147, -0.0745355, 0.270697, 0.0750289, 0.959725, -0.730434, 0.372036, 0.206394)
bone_idx = 48

[node name="LegR" parent="Robot/RobotArmature/Skeleton3D" index="9"]
transform = Transform3D(0.962472, 0.044121, -0.267767, -0.0131834, 0.993133, 0.116259, 0.271059, -0.108362, 0.956433, -0.666557, 1.18434, 0.0179439)
bone_idx = 49

[node name="Torso_2" parent="Robot/RobotArmature/Skeleton3D" index="10"]
transform = Transform3D(1, 0, 0, 0, 1, 0, 0, 0, 1, -0.00271564, 2.20934, -0.0195812)
bone_idx = 50

[node name="FootR_2" parent="Robot/RobotArmature/Skeleton3D" index="11"]
transform = Transform3D(1, 3.41061e-13, 7.81597e-14, 3.41061e-13, 1, -1.30385e-07, -3.55271e-14, -3.72529e-09, 1, -0.637997, 0.397664, 0.191115)
bone_idx = 53

[node name="DetectionArea" type="Area3D" parent="."]
collision_layer = 4
collision_mask = 0

[node name="CollisionShape3D" type="CollisionShape3D" parent="DetectionArea"]
transform = Transform3D(4, 0, 0, 0, 4, 0, 0, 0, 4, 0, 0, 0)
shape = SubResource("SphereShape3D_oub35")

[editable path="Robot"]
