[gd_scene load_steps=10 format=3 uid="uid://cwjd6mwvvsa62"]

[ext_resource type="Script" path="res://Scripts/PlayerBot/StateMachine/player_robot.gd" id="1_ewkii"]
[ext_resource type="PackedScene" uid="uid://by3pyjr8x63kb" path="res://Scenes/Player/player_robot_state_machine.tscn" id="2_304l3"]
[ext_resource type="PackedScene" uid="uid://b62g8x5aeenms" path="res://Assets/robot/Robot.glb" id="3_lofgt"]
[ext_resource type="PackedScene" uid="uid://dy7s7ekdxg2eb" path="res://Scenes/Assets/health_bar.tscn" id="4_dpvf8"]

[sub_resource type="CapsuleShape3D" id="CapsuleShape3D_f4m3j"]
radius = 0.341076
height = 1.0564

[sub_resource type="SphereShape3D" id="SphereShape3D_oub35"]
radius = 0.559026

[sub_resource type="StandardMaterial3D" id="StandardMaterial3D_ytmol"]
diffuse_mode = 3
albedo_color = Color(0.498039, 0, 0, 1)

[sub_resource type="CylinderMesh" id="CylinderMesh_g1n6c"]
resource_local_to_scene = true
material = SubResource("StandardMaterial3D_ytmol")
top_radius = 0.1
bottom_radius = 0.1
height = 1.0

[sub_resource type="CapsuleShape3D" id="CapsuleShape3D_vssmp"]
radius = 0.340042
height = 1.08968

[node name="PlayerRobot" type="CharacterBody3D"]
collision_mask = 15
script = ExtResource("1_ewkii")
SPEED = 5.0
JUMP_VELOCITY = 4.0
HEALTH = 120.0

[node name="CollisionShape3D" type="CollisionShape3D" parent="."]
transform = Transform3D(1, 0, 0, 0, 1, 0, 0, 0, 1, 0, 0.508653, 0)
shape = SubResource("CapsuleShape3D_f4m3j")

[node name="StateMachine" parent="." node_paths=PackedStringArray("player", "animation_player") instance=ExtResource("2_304l3")]
player = NodePath("..")
animation_player = NodePath("../Robot/AnimationPlayer")

[node name="CameraPlacement" type="Node3D" parent="."]
transform = Transform3D(0.999989, 0.00146636, -0.00438663, 2.24413e-08, 0.948412, 0.31704, 0.00462522, -0.317037, 0.948402, 0, 1.56849, 4.5807)

[node name="Robot" parent="." instance=ExtResource("3_lofgt")]
transform = Transform3D(-0.205296, 0, -1.79475e-08, 0, 0.205296, 0, 1.79475e-08, 0, -0.205296, 0, 0, 0)

[node name="Skeleton3D" parent="Robot/RobotArmature" index="0"]
bones/4/rotation = Quaternion(-7.9936e-15, 1.19209e-07, -4.34104e-21, 1)
bones/9/rotation = Quaternion(-0.0309211, -0.00285618, -0.00128305, 0.999517)
bones/13/rotation = Quaternion(-0.0545856, -0.689886, 0.069214, 0.718531)
bones/14/rotation = Quaternion(0.309992, 0.499337, -0.36494, 0.722071)
bones/33/rotation = Quaternion(0.0435724, 0.80457, 0.0574779, 0.589462)
bones/34/rotation = Quaternion(0.0897254, -0.705058, 0.255013, 0.655599)
bones/52/rotation = Quaternion(0.985518, 0.0175889, -0.0842847, 0.146085)
bones/53/rotation = Quaternion(0.277154, 1.471e-07, -8.18377e-08, 0.960826)
bones/57/rotation = Quaternion(0.979527, -0.0257517, 0.137311, 0.144948)
bones/58/rotation = Quaternion(0.277153, -2.92076e-07, 2.78342e-08, 0.960826)

[node name="FootL_2" parent="Robot/RobotArmature/Skeleton3D" index="0"]
transform = Transform3D(1, -4.64313e-06, -2.44798e-07, 4.64313e-06, 1, -1.07425e-07, 2.44798e-07, 3.97727e-08, 1, 0.624056, 0.397664, 0.191115)
bone_idx = 3

[node name="Head_2" parent="Robot/RobotArmature/Skeleton3D" index="1"]
transform = Transform3D(0.998071, -0.0469698, -0.0405853, 0.0492516, 0.997148, 0.0571814, 0.0377837, -0.0590701, 0.997538, -0.0521874, 3.65313, -0.00113432)
bone_idx = 11

[node name="Head_2" parent="Robot/RobotArmature/Skeleton3D/Head_2" index="0"]
transform = Transform3D(1, 1.61531e-09, 3.88473e-09, 2.22252e-10, 1, -1.82577e-09, 1.76627e-09, 1.16811e-09, 1, 0, 0, 0)

[node name="ArmL" parent="Robot/RobotArmature/Skeleton3D" index="2"]
transform = Transform3D(0.435433, 0.900219, 0.00201414, -0.869529, 0.421166, -0.257952, -0.233061, 0.110569, 0.966155, 0.265002, 2.88456, 0.130695)
bone_idx = 30

[node name="ShoulderL_2" parent="Robot/RobotArmature/Skeleton3D" index="3"]
transform = Transform3D(0.434578, 0.900634, -4.33466e-08, -0.900634, 0.434578, -7.00392e-07, -5.66326e-07, 3.19742e-07, 1, 0.582681, 2.40805, -0.0209939)
bone_idx = 31

[node name="ArmR" parent="Robot/RobotArmature/Skeleton3D" index="4"]
transform = Transform3D(0.101816, -0.202931, 9.66667e-08, 0.202145, 0.101422, 0.0199568, -0.0178376, -0.00894948, 0.226162, -0.82569, 2.01812, 0.0402436)
bone_idx = 50

[node name="ShoulderR_2" parent="Robot/RobotArmature/Skeleton3D" index="5"]
transform = Transform3D(0.448449, -0.893808, -1.46436e-07, 0.893808, 0.448449, 6.50851e-08, -3.67625e-08, -1.83915e-07, 1, -0.636986, 2.40748, -0.0209939)
bone_idx = 51

[node name="LowerLegL_2" parent="Robot/RobotArmature/Skeleton3D" index="6"]
transform = Transform3D(0.984156, 0.00489342, 0.177237, 0.00848179, 0.997178, -0.0746206, -0.1771, 0.0749508, 0.981342, 0.684376, 0.371966, 0.214599)
bone_idx = 55

[node name="LegL" parent="Robot/RobotArmature/Skeleton3D" index="7"]
transform = Transform3D(0.98422, -0.0223202, 0.175534, 0.00756339, 0.996414, 0.0842982, -0.176785, -0.0816341, 0.980866, 0.643832, 1.18699, 0.0287188)
bone_idx = 56

[node name="LowerLegR_2" parent="Robot/RobotArmature/Skeleton3D" index="8"]
transform = Transform3D(0.962589, -0.00859308, -0.270828, -0.012072, 0.997147, -0.0745329, 0.270698, 0.075025, 0.959725, -0.730433, 0.372037, 0.206397)
bone_idx = 60

[node name="LegR" parent="Robot/RobotArmature/Skeleton3D" index="9"]
transform = Transform3D(0.962472, 0.0441218, -0.267767, -0.0131838, 0.993133, 0.116259, 0.271061, -0.108362, 0.956432, -0.666557, 1.18434, 0.0179443)
bone_idx = 61

[node name="Torso_2" parent="Robot/RobotArmature/Skeleton3D" index="10"]
transform = Transform3D(1, -5.81982e-11, -5.89466e-11, 5.81982e-11, 1, 5.96047e-08, 5.88471e-11, -5.96047e-08, 1, -0.00271564, 2.20934, -0.019581)
bone_idx = 62

[node name="FootR_2" parent="Robot/RobotArmature/Skeleton3D" index="11"]
transform = Transform3D(1, -4.64237e-06, -2.44797e-07, 4.64237e-06, 1, -3.42118e-07, 2.44798e-07, 2.81791e-07, 1, -0.637999, 0.397664, 0.191115)
bone_idx = 67

[node name="DetectionArea" type="Area3D" parent="."]
collision_layer = 4
collision_mask = 0

[node name="CollisionShape3D" type="CollisionShape3D" parent="DetectionArea"]
transform = Transform3D(4, 0, 0, 0, 4, 0, 0, 0, 4, 0, 0, 0)
shape = SubResource("SphereShape3D_oub35")

[node name="HealthBar" parent="." node_paths=PackedStringArray("parent") instance=ExtResource("4_dpvf8")]
transform = Transform3D(-4.37114e-08, -1, 0, 1, -4.37114e-08, 0, 0, 0, 1, -0.00319228, 1.69674, 0.000633001)
mesh = SubResource("CylinderMesh_g1n6c")
parent = NodePath("..")

[node name="Hitbox" type="Area3D" parent="."]
collision_layer = 32
collision_mask = 32

[node name="CollisionShape3D" type="CollisionShape3D" parent="Hitbox"]
transform = Transform3D(1, 0, 0, 0, 1, 0, 0, 0, 1, 0, 0.426949, 0)
shape = SubResource("CapsuleShape3D_vssmp")

[connection signal="body_entered" from="Hitbox" to="." method="_on_hitbox_body_entered"]

[editable path="Robot"]
